R a1 1 018004c001132084 52 4095 4096 0
R b1 1 8020001000080020 52 2047 2048 0
R c1 1 0820100804040820 53 2046 2048 256
R d1 1 0040080040040002 52 2047 2048 0
R e1 1 0040040040020001 52 2047 2048 0
R f1 1 020002001041280c 53 2047 2048 0
R g1 1 0040008001000040 52 2047 2048 0
R h1 1 0200022100804402 52 4095 4096 0
R a2 1 4040800080400023 53 2047 2048 0
R b2 1 3000100400080011 52 1023 1024 0
R c2 1 0000404010000800 53 1023 1024 0
R d2 1 0016000a2046004a 54 1022 1024 128
R e2 1 0080200200010020 52 1023 1024 0
R f2 1 4000200100008020 52 1023 1024 0
R g2 1 0000400080004001 52 1023 1024 0
R h2 1 00410000a1001042 53 2047 2048 0
R a3 1 0440002000100020 52 2047 2048 0
R b3 1 9410000802040008 52 1023 1024 0
R c3 1 0004000801020008 52 1023 1024 0
R d3 1 0004002020020004 52 1023 1024 0
R e3 1 0002001010010080 52 1023 1024 0
R f3 1 00d1001010008040 52 1023 1024 0
R g3 1 4080004040008001 52 1023 1024 0
R h3 1 0010420004084081 53 2047 2048 0
R a4 1 0000410100208000 53 2047 2048 0
R b4 1 0c00080010040010 52 1023 1024 0
R c4 1 0004020008010008 52 1023 1024 0
R d4 1 0400040020020020 52 1023 1024 0
R e4 1 0400020020010020 52 1023 1024 0
R f4 1 0000008020200100 52 1023 1024 0
R g4 1 0020400040008001 52 1023 1024 0
R h4 1 0210604200048104 53 2047 2048 0
R a5 1 0840001000200020 52 2047 2048 0
R b5 1 0900080400100010 52 1023 1024 0
R c5 1 0004020100080008 52 1023 1024 0
R d5 1 0000200400200200 52 1023 1024 0
R e5 1 0802001080100100 52 1023 1024 0
R f5 1 0420200100200080 52 1023 1024 0
R g5 1 0140008000404001 52 1023 1024 0
R h5 1 4800018312001644 53 2047 2048 0
R a6 1 1803804010218000 53 2047 2048 0
R b6 1 1000802000408014 53 1023 1024 0
R c6 1 0000080010004040 53 1023 1024 0
R d6 1 0000020004002020 52 1023 1024 0
R e6 1 0100020001002020 52 1023 1024 0
R f6 1 8401002000802001 52 1023 1024 0
R g6 1 0000004000802020 52 1023 1024 0
R h6 1 4080208910520004 53 2047 2048 0
R a7 1 48fffe99fecfaa00 54 1023 2048 1088
R b7 1 48fffe99fecfaa00 55 511 1024 544
R c7 1 497fffadff9c2e00 55 511 1024 544
R d7 1 613fffddffce9200 55 511 1024 544
R e7 1 ffffffe9ffe7ce00 55 511 1024 544
R f7 1 fffffff5fff3e600 55 511 1024 544
R g7 1 0003ff95e5e6a4c0 55 511 1024 544
R h7 1 510ffff5f63c96a0 54 1023 2048 1152
R a8 1 ebffffb9ff9fc526 53 2047 4096 2240
R b8 1 61fffeddfeedaeae 54 1023 2048 1120
R c8 1 53bfffedffdeb1a2 54 1023 2048 1120
R d8 1 127fffb9ffdfb5f6 54 1023 2048 1120
R e8 1 411fffddffdbf4d6 54 1023 2048 1120
R f8 1 0002001003880402 53 2047 2048 0
R g8 1 0003ffef27eebe74 54 1023 2048 1088
R h8 1 7645fffecbfea79e 53 2047 4096 2176
B a1 1 002111a0c1004082 58 49 64 14
B b1 1 001109c0c0808400 59 25 32 6
B c1 1 01418300a0600020 59 29 32 6
B d1 1 4022aa0164808000 59 30 32 2
B e1 1 0208441008000000 58 31 32 0
B f1 1 0000e14509007845 58 29 32 4
B g1 1 00213220c4040b21 58 25 32 6
B h1 1 601c2a0132604202 58 61 64 12
B a2 1 0266130880e10041 58 25 32 6
B b2 1 0002134881007080 59 25 32 6
B c2 1 0002458240604008 59 30 32 4
B d2 1 000822aa01640201 59 30 32 2
B e2 1 0100010108001001 58 31 32 0
B f2 1 800801c289940402 59 29 32 4
B g2 1 0110011261018800 58 25 32 6
B h2 1 00200c1981814308 58 25 32 7
B a3 1 00202103028300c2 58 29 32 6
B b3 1 0004020060602830 56 29 32 6
B c3 1 0400080010101010 52 127 128 0
B d3 1 0800084080200440 53 127 128 0
B e3 1 0000800840808024 56 129 128 0
B f3 1 0000042040420040 54 127 128 0
B g3 1 0822020030a30308 58 29 32 6
B h3 1 40420004b1310180 59 29 32 4
B a4 1 0820200005699545 59 30 32 4
B b4 1 000820000d0281a0 59 30 32 4
B c4 1 0000801000204010 53 127 128 0
B d4 1 0200400401001004 52 511 512 0
B e4 1 0000200800808010 53 511 512 0
B f4 1 0f80100400404200 54 127 128 0
B g4 1 0404040204526551 59 30 32 4
B h4 1 00c300a02052c554 59 30 32 4
B a5 1 0002863a00212000 59 30 32 4
B b5 1 0601430d03103000 59 30 32 4
B c5 1 0010108020001040 53 127 128 0
B d5 1 0000004010010010 52 511 512 0
B e5 1 0200802002008008 52 511 512 0
B f5 1 4400408002002008 53 127 128 0
B g5 1 04030149a0060808 59 30 32 4
B h5 1 0002c1282c020200 59 30 32 4
B a6 1 580265428a144000 59 29 32 4
B b6 1 a100a30303102001 59 29 32 6
B c6 1 0000082080100020 53 127 128 0
B d6 1 0000008080801040 56 128 128 0
B e6 1 0088010020090080 54 127 128 0
B f6 1 0202004040020001 52 127 128 0
B g6 1 00060140c0310a00 58 29 32 6
B h6 1 c0060140c0304603 59 29 32 6
B a7 1 010282650484ea00 59 23 32 9
B b7 1 902099450242c004 59 23 32 9
B c7 1 8020206181418104 59 29 32 6
B d7 1 4482020008404000 56 31 32 0
B e7 1 0022420100202000 55 31 32 0
B f7 1 010010072ba44000 59 29 32 4
B g7 1 4408032404ca2024 59 25 32 6
B h7 1 a00a04c510604882 59 23 32 9
B a8 1 0042005191b00300 58 61 64 8
B b8 1 0020408080c9910c 59 25 32 6
B c8 1 04800d304062c496 59 30 32 4
B d8 1 0180040400084040 56 31 32 0
B e8 1 0400000401002020 55 31 32 0
B f8 1 000014120a0281c4 59 29 32 4
B g8 1 0080131405014050 59 23 32 9
B h8 1 0000810040800401 54 63 64 0
